$ANSIBLE_VAULT;1.1;AES256
30346563646661343962336334383032393534376538386239653631383531366631653237623838
6435366232626235376363326337306536386335376666350a333462303031386135353563326461
66353166376635323430623934353530393361323137656261616332326661656130323033653339
3238346564373065300a333662316238623035616438616334353739393831316532363037316664
35616338346161303062333766366466336335353330306533613261306431636466386265363135
35333361613438633063333638636165373736353833316231313532656665333831613338346264
31386132366566313034343333663731613365333739623235363237613333623562663165386135
65343862636239393134386134626133396338376265663330363861343162356665393830313135
63663665653665306562383134333837366434643632333034643035616233353032633738623266
61616464626338616533316637636563356565376262383433646238383139393730653565356639
323535346531386362646231626630366533
